1 1.10475
2 -1.23797
3 0.6444
4 0.85623
5 -1.8041
6 0.15699
8 0.27169
9 -0.39045
10 0.12951
11 -0.21033
12 0.1608
13 0.39592
14 -1.5756
15 0.54637
16 -0.73005
17 -1.88827
18 -0.53617
19 -0.2722
20 0.60285
21 0.3484
22 -0.1734
23 0.91832
24 0.37105
25 -0.03845
26 -1.1285
27 -0.29054
28 1.25243
29 0.65973
30 1.56384
31 -0.3713
32 1.70904
33 0.64377
34 0.53549
35 0.1142
36 -1.14978
37 -1.22545
38 0.7836
39 -0.73103
40 -1.15981
42 1.1192
43 -0.05236
44 -0.77279
45 0.56801
46 2.35055
47 1.61487
48 0.05767
49 1.5774
50 0.40085
51 -1.04185
52 0.17954
53 1.31188
54 -0.44281
55 -0.1294
56 -0.2017
57 0.2363
58 1.77878
59 -0.8747
60 0.03169
61 0.7268
62 -0.20053
63 -0.61647
64 -0.25632
65 -0.70495
66 1.9959
67 0.30317
68 0.05177
69 0.4001
70 0.63546
71 0.63312
72 -1.9862
74 1.3594
75 -0.5226
76 -0.56254
77 1.21492
78 -1.65707
79 0.2279
80 -0.50904
81 -0.45283
82 -1.3903
83 -0.95894
84 0.69972
85 0.8311
86 1.4973
87 0.12465
88 -0.12913
89 -1.7955
90 -0.8515
91 -0.27415
92 0.25125
93 0.16497
94 -0.6723
95 2.0826
96 0.6033
97 -1.9056
98 -0.5238
99 -0.37027
100 -0.12958
101 0.18922
102 -0.3417
103 -0.12733
104 0.63189
105 0.4617
106 -0.8276
107 0.2689
108 -0.99307
109 -0.7688
110 0.81543
111 -0.564
112 -0.70383
113 -0.7292
114 1.0781
115 -1.16243
117 1.2114
118 -0.49337
119 0.1886
120 -1.14023
121 1.2754
122 -0.43372
123 0.2077
124 -0.1497
125 -0.40148
126 0.02702
127 -0.0752
128 -0.67149
129 0.939
130 1.2278
131 -1.29166
133 0.7809
134 -0.0929
135 0.3464
136 0.541
137 -0.54174
138 -0.69922
139 0.05474
140 0.2045
141 -0.0361
142 0.16027
143 0.0156
144 0.8254
145 1.076
146 -0.06085
147 -0.1151
149 0.2623
151 0.2135
152 0.5936
153 -0.99454
154 0.3986
155 -0.89105
156 0.38858
158 -0.3713
159 -0.96529
160 0.1148
161 0.93311
162 -1.734
163 -1.56827
164 1.44507
165 -0.6593
166 0.37022
167 -0.66308
168 0.82967
169 -1.2055
170 -1.29965
171 0.94405
172 -1.9349
173 -0.90613
174 -0.21453
175 1.19298
176 0.34202
177 -1.6142
178 0.54503
179 2.25547
180 0.18902
181 0.59384
182 0.8411
183 -1.16243
184 -1.24485
185 -0.24985
186 1.60897
187 1.22716
188 -1.2999
189 -0.2877
190 -0.34846
191 -0.71245
192 -0.14494
193 1.0484
194 0.02996
196 0.2611
197 0.3207
198 -1.23852
199 -2.6041
200 -0.4913
201 0.37673
202 -0.4311
203 0.0875
204 0.28225
205 0.98038
206 -1.26005
207 0.80643
208 -0.12653
209 0.84892
210 0.5728
212 1.7749
213 -0.29707
214 -0.4448
215 0.47899
216 0.42697
217 1.0458
218 -0.99969
220 -0.46255
221 -0.8265
222 1.1023
224 -1.1376
225 -0.87718
226 1.1496
227 0.92835
229 -0.15214
230 -1.60578
231 0.48125
232 -0.20852
233 -0.17771
235 0.5834
236 -0.16573
237 0.1151
238 -0.23503
239 0.01155
240 -0.03538
241 -0.1012
242 0.187
243 0.1262
244 -1.1134
245 -1.19607
246 0.00294
247 -0.13491
248 -0.887
249 0.97744
250 -1.4489
251 -1.11512
252 -0.2757
253 -0.77407
254 -1.17849
255 0.4957
256 -1.0771
257 -0.49913
258 0.33291
259 0.62483
260 -0.2092
261 0.3484
262 -1.1814
263 -0.0308
264 1.4648
265 -0.5269
266 -0.97932
267 2.3738
268 -0.926
269 0.1681
270 -1.12221
271 -0.31563
272 1.04425
273 -0.5378
274 0.31949
275 -1.31644
276 1.23668
277 -0.18455
278 -0.669
279 0.3417
280 1.59656
281 0.44646
282 2.41674
283 -0.04645
284 -0.0079
285 0.01697
286 -0.9571
287 0.11776
288 0.6598
289 -0.5177
290 -0.1483
291 2.0103
292 -0.0753
293 0.26623
294 0.22694
295 1.75988
296 -0.80486
297 -0.12913
298 0.37438
299 -0.631
300 0.2877
301 -0.2715
302 -1.23288
303 0.17767
304 -0.0144
305 0.82893
306 1.36692
307 0.8685
308 -0.32667
309 -0.0497
311 -0.80245
312 0.76872
313 1.1903
314 -0.97033
315 -1.3566
316 1.41894
317 0.21545
318 0.4264
319 0.2355
320 1.9549
321 -0.68358
322 0.2251
323 -0.2537
324 0.16775
325 -0.21099
326 0.28924
327 -2.04099
328 0.30583
329 -1.2211
330 -1.37559
331 -0.3598
332 0.28543
333 0.83525
334 0.53056
335 0.48908
336 -0.51765
337 0.1346
339 -0.06152
340 0.71025
341 -0.93743
342 1.14908
343 -1.6078
344 -0.8377
345 0.311
346 1.2977
347 -0.87605
348 -1.87192
349 0.28068
350 -1.64618
351 -1.03688
352 0.16073
353 0.3845
354 0.60116
355 0.13315
356 -1.0637
357 -0.18293
358 -0.86702
359 -2.18449
360 -1.02588
361 0.3067
362 1.5901
363 0.9005
364 1.63279
365 0.37103
367 0.73726
368 -1.23169
369 -0.2489
371 0.76457
372 0.47053
373 2.0761
374 -1.6134
375 1.4538
376 -1.61223
377 0.2138
378 -1.08663
379 1.1876
380 -0.10327
381 -0.90347
382 -0.09738
383 1.0245
384 0.11185
385 -0.1692
386 -0.87692
387 0.53035
388 0.6082
389 0.1513
390 -0.43332
391 -0.42805
392 1.267
393 -0.21289
394 1.3284
395 1.2211
396 0.44744
398 0.4554
399 1.6923
400 -1.7929
401 -0.67263
402 -0.5493
403 1.1693
404 0.1309
405 -0.14333
406 0.1917
408 1.5635
409 1.1684
410 -1.16047
412 -0.2314
413 0.4965
414 0.64118
415 -0.05156
416 -1.7023
417 -0.79127
418 1.2984
419 -0.28053
420 -0.3144
421 1.62599
422 1.23593
423 0.31627
424 0.0503
425 -1.40925
426 -0.6236
427 -1.08647
428 1.00807
429 -1.17767
430 -1.7456
431 -0.16794
432 -1.55274
433 1.83254
434 1.543
435 -0.44658
436 -2.276
437 -1.16368
438 0.40015
439 0.7512
440 -1.19993
441 1.8354
442 1.2005
443 1.3888
444 1.2437
445 2.3107
447 -1.22718
448 -0.18722
449 -0.55857
450 -0.33589
451 -0.3927
452 0.6761
454 0.649
455 1.39108
456 -0.47075
457 -2.06
458 -0.20654
459 -0.00972
460 0.63719
461 0.44872
462 -0.62695
463 0.46747
464 -1.5266
465 0.60596
466 -1.27147
467 -0.19315
468 -0.20631
469 -0.18293
470 -1.069
471 -0.197
472 -1.78735
473 -0.3629
474 -0.63668
475 0.4967
476 0.2016
477 0.69493
479 0.81962
480 0.6762
481 1.52927
482 1.33502
483 1.6007
484 -0.06385
485 -0.64587
486 0.2395
487 1.0381
488 -0.94503
489 -0.3465
490 -0.8742
491 -0.8239
492 0.6374
493 -0.00408
494 -1.4957
495 -0.10813
496 2.1783
497 0.65038
498 -0.18471
499 0.9168
500 -0.6722
501 -1.2446
504 -1.59443
505 0.40515
506 0.47721
507 1.296
508 0.899
509 -0.602
510 -0.40262
511 -1.55395
512 0.46255
513 1.5705
514 0.4309
516 1.2606
517 -1.71893
518 0.5567
519 -1.20473
520 -1.34505
522 0.20543
523 -0.5597
524 -0.91882
525 0.99842
526 -0.3691
527 0.4862
528 0.17847
529 -2.1193
530 -0.4648
531 -0.43569
532 -0.24974
533 1.3081
534 1.08698
535 1.3106
536 0.63168
537 -0.45982
538 -0.57765
539 -0.31765
540 0.64748
541 -1.10405
542 -0.0376
543 -1.24633
544 0.4423
545 0.0892
546 -1.3872
547 -0.52708
548 1.21755
549 0.27502
550 -1.15215
551 0.3484
552 -0.43167
554 -0.1509
555 -1.52273
556 1.3818
557 1.0886
558 -0.41536
559 -0.12508
560 0.06507
561 -1.3307
562 -0.16923
563 0.38038
564 -0.35555
565 1.3835
566 -1.45643
568 -1.82428
569 0.807
570 -0.0572
571 1.25068
572 -0.16377
573 1.6965
574 -0.5164
575 0.3808
576 -0.59698
577 0.28018
578 -0.5266
579 1.44507
580 0.60492
581 -0.52433
582 0.0804
583 -0.35021
584 -0.3598
585 1.1212
586 -0.08122
587 0.40655
588 -2.1692
589 -0.44993
590 -0.25775
591 0.1975
592 0.55775
593 1.3171
594 1.7598
595 -0.7462
596 1.81012
597 -1.5067
598 -0.54022
599 0.0572
600 -0.36388
601 -0.36104
602 1.2049
603 0.6181
604 -0.31965
605 0.78462
606 -1.5466
609 -1.1578
610 -0.2611
611 -0.19388
612 0.3287
613 0.35384
614 0.31198
615 1.0494
616 -0.40609
617 1.0314
619 -0.87508
620 0.547
622 -0.59698
623 -0.92344
624 0.6515
625 -2.2138
626 0.7472
627 1.77007
628 0.42638
629 0.1589
631 -0.1616
632 0.7697
633 -0.156
634 -1.45128
635 -0.6222
636 0.28263
637 -0.79487
638 0.1257
639 0.81397
640 -0.48892
641 -1.10373
642 -1.2187
643 -0.4624
644 -0.31285
645 1.16324
646 0.5985
647 -0.45778
648 -1.6845
649 2.1744
650 -0.08282
651 -0.07662
652 -1.6467
653 0.19467
654 0.42995
655 -0.20219
656 -0.4202
657 -0.1383
659 -0.15567
660 1.38942
661 -1.077
662 -0.21575
663 1.68588
664 0.42697
665 1.10005
666 0.58535
667 -0.12992
668 -1.23607
670 0.05095
671 -0.9798
672 -1.4327
673 -0.7535
674 -0.21822
675 -0.37619
676 1.09667
677 -1.55637
678 0.2547
679 0.57994
680 -1.785
681 0.261
682 0.8306
683 0.2084
685 -0.5903
686 -0.76221
687 -0.59708
688 1.2231
689 0.46165
690 -0.94324
691 -0.88365
692 -0.23009
693 3.33942
694 1.0034
695 0.51153
696 0.1127
697 0.50034
698 0.5413
699 -1.17433
700 -0.3795
701 0.72373
702 0.87237
703 2.10397
704 -0.50834
705 -1.2022
706 0.5022
707 1.5318
708 0.3025
709 -0.0622
711 0.28338
712 -0.90961
714 -0.3492
715 0.75029
716 1.62425
717 -0.6693
718 0.1913
719 0.14663
720 0.5642
721 0.9291
722 -0.80968
723 -1.03621
724 0.0694
725 1.02648
726 -1.1651
727 -0.4852
728 0.34939
729 0.0989
730 -1.1238
731 0.07167
732 -0.5438
733 -0.55973
734 0.29881
735 0.43969
736 0.50553
737 -0.02148
738 0.5002
739 -0.64589
740 -0.5475
741 0.9726
742 0.03542
743 -1.05135
744 -3.4042
745 0.8587
746 -0.3053
747 -0.42023
748 0.13994
750 -0.85822
751 -2.1489
752 -0.55879
753 -0.3746
754 -0.9082
755 0.807
756 0.05931
757 -1.1778
758 0.5707
759 0.453
760 0.65827
761 0.72553
762 0.81172
763 0.95283
764 -1.5742
765 -0.1898
767 0.2809
768 0.80212
769 -0.25043
770 1.13387
771 0.19
772 0.7696
773 0.2446
774 1.07805
775 -1.28859
776 -0.51151
777 0.5413
778 2.42085
779 -0.51301
780 1.4332
781 -0.8972
782 0.2473
783 -0.5838
784 0.109
785 0.7307
786 -1.0373
787 -0.49241
788 -0.22758
789 -0.2762
790 2.2543
791 -0.4
792 -0.44122
793 0.53413
794 -0.2169
795 -1.3194
796 -1.99486
797 -0.1612
798 1.1804
799 0.4467
800 -0.3146
